_input/DGM1000_EPSG31467.asc
NCOLS          643
NROWS          866
XLLCENTER      3280000
YLLCENTER      5238000
CELLSIZE       1000
NODATA_VALUE   -9999
[rows 512 to 543 of 866, columns 0 to 72 of 643]
-9999 -9999 -9999 -9999 -9999 -9999 -9999 -9999 -9999 -9999 -9999 -9999 -9999 -9999 -9999 -9999 -9999 -9999 -9999 -9999 -9999 -9999 -9999 -9999 -9999 -9999 -9999 -9999 -9999 -9999 -9999 -9999 -9999 671.39 636.22 612.66 552.92 615.54 597.77 541.46 563.06 560.17 529.88 553.94 589.23 571.27 549.57 546.68 525.5 553.23 550.83 553.6 552.48 527.64 439.19 491.78 530.03 522.34 497.09 523.48 495.22 468.51 466.99 476.22 407.58 409.21 320.15 281.32 257.94 422 361.08 257.81 323.3
-9999 -9999 -9999 -9999 -9999 -9999 -9999 -9999 -9999 -9999 -9999 -9999 -9999 -9999 -9999 -9999 -9999 -9999 -9999 -9999 -9999 -9999 -9999 -9999 -9999 -9999 -9999 -9999 -9999 -9999 -9999 -9999 -9999 674.04 647.69 630.64 636.83 621.38 633.72 644.58 648.77 633.4 558.87 579.07 568.72 544.03 536.76 547.34 549.42 556.74 534.29 514.44 556.28 496.46 426.31 455.62 478.31 477.52 461.74 470.03 504.78 537.04 516.14 516.28 445.26 423.97 368.52 327.28 404.97 443.52 491.53 433.06 302.78
-9999 -9999 -9999 -9999 -9999 -9999 -9999 -9999 -9999 -9999 -9999 -9999 -9999 -9999 -9999 -9999 -9999 -9999 -9999 -9999 -9999 -9999 -9999 -9999 -9999 -9999 -9999 -9999 -9999 -9999 -9999 -9999 667.85 686.56 628.96 636.89 601.51 640.36 638.06 617.69 623.56 604.46 590.56 567.54 554.88 577.38 564.37 573.08 563.13 548.41 492.67 495.02 493.52 483.28 501.78 462.54 455.01 483.69 431.36 442.45 467.46 506.08 506.88 505.76 513.84 528.05 349.26 355.34 461.91 449.06 480.48 470.61 459.59
-9999 -9999 -9999 -9999 -9999 -9999 -9999 -9999 -9999 -9999 -9999 -9999 -9999 -9999 -9999 -9999 -9999 -9999 -9999 -9999 -9999 -9999 -9999 -9999 -9999 -9999 -9999 -9999 -9999 -9999 -9999 -9999 671.45 672.7 600.08 623.03 602.45 559.13 622.55 600.22 606.86 580.44 545.13 549.56 580.88 559.98 547.78 557.1 560.29 499.35 516.95 492.31 509.31 455.39 407.83 388.06 377.6 432.88 427.84 398.72 443.26 468.89 492.29 483.62 436.38 399.62 281.16 422.87 490.47 489.75 485.73 532.41 412.09
-9999 -9999 -9999 -9999 -9999 -9999 -9999 -9999 -9999 -9999 -9999 -9999 -9999 -9999 -9999 -9999 -9999 -9999 -9999 -9999 -9999 -9999 -9999 -9999 -9999 -9999 -9999 -9999 -9999 -9999 -9999 648.84 656.69 632.41 619.36 594.71 628.43 552.73 603.13 558.92 571.52 589.42 577.31 553.35 546.11 530.96 536.6 568.2 572.89 515.05 494.82 480.63 554.2 484.81 412.05 469.97 480.02 396.39 405.58 412.14 427.44 402.15 476.21 440.34 397.03 330.79 283.56 434.16 476.39 496.94 493.45 422.45 302.65
-9999 -9999 -9999 -9999 -9999 -9999 -9999 -9999 -9999 -9999 -9999 -9999 -9999 -9999 -9999 -9999 -9999 -9999 -9999 -9999 -9999 -9999 -9999 -9999 -9999 -9999 -9999 -9999 -9999 -9999 -9999 673.01 622.68 597.65 570.52 549.81 565.14 549.16 577.27 550.49 551.44 584.89 532.49 513.7 542.14 535.27 542.46 561.16 580.42 551.76 518.76 480.53 457.14 479.21 479.95 460.39 445.05 386.26 414.03 377.71 392.59 430.53 422.88 392.25 389.17 373.28 298.1 426.41 450.71 425.87 406.55 374.59 332.19
-9999 -9999 -9999 -9999 -9999 -9999 -9999 -9999 -9999 -9999 -9999 -9999 -9999 -9999 -9999 -9999 -9999 -9999 -9999 -9999 -9999 -9999 -9999 -9999 -9999 -9999 -9999 -9999 -9999 -9999 -9999 648.48 604.74 606.25 562.36 569.63 533.12 506.34 496.6 574.02 589.02 583.72 511 486.41 570.71 533.51 515.54 532.07 562.85 583.48 507.17 519.86 520.87 481.19 507.91 438.7 432.21 429.28 440.86 406.12 450.69 375.76 382.31 399.61 328.69 391.85 353.2 357.58 441.45 413.84 415.81 360.56 338.77
-9999 -9999 -9999 -9999 -9999 -9999 -9999 -9999 -9999 -9999 -9999 -9999 -9999 -9999 -9999 -9999 -9999 -9999 -9999 -9999 -9999 -9999 -9999 -9999 -9999 -9999 -9999 -9999 -9999 -9999 -9999 585.49 587.11 595.67 586.48 549.45 571.31 587.45 555.77 485.15 569.34 546.5 499.53 479.51 542.82 517.28 457.61 532.29 503.63 543.05 556.54 527.3 470.61 452.72 445.09 465.07 465.46 455.83 481.59 410.25 421.84 399.88 361.17 376.65 457.32 403.69 312.4 343.57 345.79 371.62 443.58 475.02 365.03
-9999 -9999 -9999 -9999 -9999 -9999 -9999 -9999 -9999 -9999 -9999 -9999 -9999 -9999 -9999 -9999 -9999 -9999 -9999 -9999 -9999 -9999 -9999 -9999 -9999 -9999 -9999 -9999 -9999 -9999 -9999 -9999 -9999 586.64 573.28 572.73 568.63 526.25 498.6 596.98 530.9 538.95 522.09 493.75 487.33 502.88 479.57 473.97 539.68 535.79 558.44 543.63 520.7 494.55 486.13 474.94 488.02 522.82 476.26 432.34 408.17 408.33 345.88 448.23 427.77 371.65 381.9 403.43 421.74 429.23 488.33 446.31 464.22
-9999 -9999 -9999 -9999 -9999 -9999 -9999 -9999 -9999 -9999 -9999 -9999 -9999 -9999 -9999 -9999 -9999 -9999 -9999 -9999 -9999 -9999 -9999 -9999 -9999 -9999 -9999 -9999 -9999 -9999 -9999 -9999 -9999 554.32 587.77 589.86 585.38 554.98 510.57 622.71 618.69 581.63 551.68 535.78 508.04 505.5 489.03 434.44 491.81 519.91 526.36 511.25 488.8 515.77 486.75 475.81 517.86 527.43 486.31 471.17 448.05 439.55 344.97 447.49 406.29 424.67 410.26 438.86 455.53 501.6 439.24 480.87 526.38
-9999 -9999 -9999 -9999 -9999 -9999 -9999 -9999 -9999 -9999 -9999 -9999 -9999 -9999 -9999 -9999 -9999 -9999 -9999 -9999 -9999 -9999 -9999 -9999 -9999 -9999 -9999 -9999 492.97 557.65 559.81 -9999 -9999 -9999 575.45 599.27 612.74 582.46 560.62 558.56 594.97 531.08 513.53 550.25 514.11 484.19 549.87 532.72 468.43 446.58 493.16 518.52 514.49 483.6 473.99 502.83 524.72 489.94 534.8 473.16 441.99 409.6 359.51 414.9 418.2 434.02 373.82 429.99 438.35 471.59 453.82 533.9 579.68
-9999 -9999 -9999 -9999 -9999 -9999 -9999 -9999 -9999 -9999 -9999 -9999 -9999 -9999 -9999 -9999 -9999 -9999 -9999 -9999 -9999 -9999 -9999 -9999 -9999 -9999 -9999 -9999 532.42 552.85 540.25 -9999 -9999 -9999 557.3 591.48 606.59 595.72 540.96 589.02 623.9 584.48 576.47 603.52 591.55 490.23 576.11 542.78 477.1 481.63 457.79 471.02 459.23 443.54 467.09 493.84 527.28 537.29 545.15 453.65 437.12 396.08 426.75 381.52 478.54 499.9 458.71 408.18 481.55 502.37 514.81 535.68 541.75
-9999 -9999 -9999 -9999 -9999 -9999 -9999 -9999 -9999 -9999 -9999 -9999 -9999 -9999 -9999 -9999 -9999 -9999 -9999 -9999 -9999 -9999 -9999 -9999 -9999 -9999 509.52 478.41 503.03 502.13 480.74 483.42 500.3 563.93 553.51 594.46 575.42 590.99 587.54 646.29 647.26 598.97 599.37 565.22 585.84 562.98 568.95 539 525.06 474 413.56 423.71 456.17 426.17 443.4 480 524.73 535.81 494.43 464.13 437.39 419.38 434.33 400.07 476.89 537.45 465.19 376.37 432.24 474.24 461.21 509.65 507.07
-9999 -9999 -9999 -9999 -9999 -9999 -9999 -9999 -9999 -9999 -9999 -9999 -9999 -9999 -9999 -9999 -9999 -9999 -9999 -9999 -9999 -9999 -9999 -9999 -9999 -9999 457.21 488.27 474.21 483.81 521.35 514.5 518.22 552.53 592.02 605.98 593.45 641.67 593.24 606.47 626.06 643.53 594.72 603.73 548.68 553.23 586.43 576.92 484.68 446.08 440.94 407.17 424.36 433.88 478.26 486.6 530.68 525.34 451.06 465.89 465.76 431.04 429.61 451.63 460.5 460.64 477.69 450.44 444.02 411.89 411.68 451.92 477.37
-9999 -9999 -9999 -9999 -9999 -9999 -9999 -9999 -9999 -9999 -9999 -9999 -9999 -9999 -9999 -9999 -9999 -9999 -9999 -9999 -9999 -9999 -9999 -9999 -9999 -9999 425.51 479.08 534.53 550.28 539.16 520.93 539.06 588.03 587.98 613.39 632.6 623.87 592.53 575.9 599.61 571.02 585.06 553.48 562.3 587.61 577.92 499.02 485.84 453.49 461.72 412.14 418.22 480.37 471.13 474.17 486.77 477.69 442.46 473.55 478.88 464 443.78 472.07 477.26 461.06 462.76 491.09 498.13 515.44 443.52 429.28 571.18
-9999 -9999 -9999 -9999 -9999 -9999 -9999 -9999 -9999 -9999 -9999 -9999 -9999 -9999 -9999 -9999 -9999 -9999 -9999 -9999 -9999 -9999 -9999 -9999 -9999 -9999 464.37 526.37 571.05 553.83 583.58 551.33 553.41 607.11 619.36 657.68 661.36 606.69 563.88 579.14 570.33 539.71 578.2 604.56 565.18 552.07 498.5 544.29 500.77 454.95 450.75 447.54 427.64 473.76 451 506.77 459.48 437.97 455.12 480.18 518.8 503.27 498.68 497.3 467.9 495.56 497.39 543.06 528.5 524.22 537.73 464.04 531.62
-9999 -9999 -9999 -9999 -9999 -9999 -9999 -9999 -9999 -9999 -9999 -9999 -9999 -9999 -9999 -9999 -9999 -9999 -9999 -9999 -9999 -9999 -9999 -9999 -9999 -9999 543.72 516.29 557.14 553.64 601.43 561.72 555.11 583.63 670.28 663.74 600.29 571.38 547.21 527.67 549.57 581.65 611.84 625.9 558.89 532.83 544.07 473.6 480.92 449.24 444.2 404.23 391.58 442.63 436.95 483.89 462.02 452.38 517.9 479.98 504.62 529.69 445.13 535.99 515.95 519.06 503.51 528.8 529.27 541.69 564.62 496.56 461.86
-9999 -9999 -9999 -9999 -9999 -9999 -9999 -9999 -9999 -9999 -9999 -9999 -9999 -9999 -9999 -9999 -9999 -9999 -9999 -9999 -9999 -9999 -9999 -9999 -9999 -9999 505.34 548.41 546.77 542.33 563.77 610.15 621.3 689.13 670.72 562.99 535.17 586.49 516.55 505.26 557.25 585.1 564.34 625.56 609.61 567.9 504 467.61 484.78 487.11 452.12 428.04 387.02 421.5 484.98 531.73 481.49 479.32 514.59 490.56 539.55 454.89 544.96 581.73 548.13 553.99 534.64 551.42 535.86 572.7 609.7 509.8 499.61
-9999 -9999 -9999 -9999 -9999 -9999 -9999 -9999 -9999 -9999 -9999 -9999 -9999 -9999 -9999 -9999 -9999 -9999 -9999 -9999 490.27 389.39 487.42 520.2 532.11 497.15 527.6 559.31 535.77 549.44 529.3 584.84 655.56 681.88 611.23 582.11 512.26 572.95 507.46 564.64 521.66 572.49 570.94 604.59 541.62 510.1 509.07 487.54 453.52 483.2 474.2 466.29 385.37 385.49 417.09 450.51 502.64 503.36 552.94 548.65 577.12 493.44 490.13 536.36 529.47 607.63 598.4 610.48 547.76 555.05 563.01 536.43 537.42
-9999 -9999 -9999 -9999 -9999 -9999 -9999 -9999 -9999 -9999 -9999 -9999 -9999 -9999 -9999 -9999 -9999 -9999 -9999 -9999 497 401.55 492.95 516.79 526.16 475 528.32 509.06 538.54 535.18 575.47 644.32 661.88 581.17 517.73 538.48 536.77 574.07 560.16 490.39 595.11 621.94 633.47 639.74 576.98 528.77 490.64 454.03 486.77 461.74 458.65 517.59 456.56 382.56 449.36 467.44 492.68 556.27 480.23 534.78 572.46 534.21 481.09 488.03 573.68 581.41 538.78 545.71 525.22 490.41 543.36 577.58 536.47
-9999 -9999 -9999 -9999 -9999 -9999 -9999 -9999 -9999 -9999 -9999 -9999 -9999 -9999 -9999 -9999 -9999 -9999 468.82 394.48 464.12 451.99 500.67 501.88 455.97 472.41 502.37 482.98 486.35 537.44 603.23 600.41 536.61 556.61 564.81 549.09 513.15 563.84 572.69 530.78 494.59 545.81 617.3 593.08 573.36 585.06 503.99 483.62 467.72 479.62 483.62 481.21 489.33 462.65 374.62 447.38 414.06 415.68 449.28 553.17 543.24 574.2 535.25 520.86 532.71 569.88 574.02 483.28 487.45 534.79 539.46 548.7 534.76
-9999 -9999 -9999 -9999 -9999 -9999 -9999 -9999 -9999 -9999 -9999 -9999 -9999 -9999 -9999 -9999 -9999 -9999 394.91 475.64 453.62 472.41 461.83 487.91 475.9 493.36 458.3 478.01 522.9 553.74 616.79 522.44 503.6 534.22 480.09 524.67 492.24 588.25 519.49 512.23 569.8 528.18 591.41 574.52 534.83 525.51 504.41 427.15 430.9 416.23 429.14 485.57 463.62 470.54 457.76 397.12 459.26 496.58 530.65 555.13 601.64 572.56 595.38 566.33 542.83 518.56 514.49 471.45 500.72 493.89 555.99 512.25 489.6
-9999 -9999 -9999 -9999 -9999 -9999 -9999 -9999 -9999 -9999 -9999 -9999 -9999 -9999 -9999 -9999 508.79 512.07 365.01 429.7 481.85 441.68 399.54 407.46 469.35 477.91 491.88 520.77 505.48 558.32 535.4 498.87 463.26 528.76 445.32 460.63 582.89 558.86 458.33 535.75 542.87 524.62 507.07 515.6 484.12 479.05 509.25 427.77 528.14 498.37 411.94 469.18 405.44 444.34 518.72 366.65 486.27 493.08 570.41 514.84 546.81 613.94 581.13 536.5 539.32 467.03 468.69 453.28 447.69 495.86 566.26 543.09 511.13
-9999 -9999 -9999 -9999 -9999 -9999 -9999 -9999 -9999 -9999 -9999 -9999 -9999 -9999 -9999 -9999 464.01 447.67 355.4 404.29 452.92 511.81 486.6 453.27 503.63 498.18 440 488.45 533.7 498.04 518.14 495.93 481.22 519.21 435.78 530 522.05 482.24 479.98 535.28 502.77 511.93 509.03 505.88 496.44 501.05 445.98 465.71 475.84 454.51 448.09 374.01 363.91 368.61 374.44 383.09 502.69 483.03 530.3 559.01 593.81 609.69 515.64 532.83 531.13 458.61 429.53 438.83 484.39 558.65 547.43 520.85 481.75
-9999 -9999 -9999 -9999 -9999 -9999 -9999 -9999 -9999 -9999 -9999 -9999 -9999 -9999 -9999 -9999 -9999 -9999 382.67 438 462.62 500.51 520.51 520.59 537.58 515.06 442.58 502.16 460.7 466.09 526.78 487.95 461.41 515.72 432.33 566.05 489.54 523.33 494.2 473.64 515.25 512.31 544.27 539.31 522.21 477.53 514.88 483.05 502.12 472.7 430.98 379.19 408.55 437.38 439.13 449.56 465.95 465.76 601.94 626.43 650.84 534.89 496.47 575.12 486.37 482.71 418.35 507.49 475.01 519.24 520.59 481.3 478.16
-9999 -9999 -9999 -9999 -9999 -9999 -9999 -9999 -9999 -9999 -9999 -9999 -9999 -9999 -9999 -9999 -9999 -9999 474.76 467.05 437.62 507.52 488.59 523.26 462.55 477.17 441.03 489.93 477.57 503.69 449.56 406.62 475.07 439.82 514.59 453.7 442.88 530.57 474.62 504.01 492.01 493.66 532.08 515.62 530.88 555.16 559.31 558.8 510.61 477.91 450.6 402.21 475.24 487.64 502.22 501.13 559.17 492.79 578.57 558.59 583.22 549.54 468.4 425.21 474.74 457.12 408.01 468.65 501.17 484.79 475.33 509.36 438.86
-9999 -9999 -9999 -9999 -9999 -9999 -9999 -9999 -9999 -9999 -9999 -9999 -9999 -9999 -9999 -9999 442.72 422.69 496.86 494.38 518.49 524.29 479.58 513.63 494.55 500.99 462.67 397.25 428 455.34 481.41 395.33 442.19 420.41 403.84 429.21 509.2 505.76 446.24 483.28 469.5 522.06 496.42 505.98 540.75 591.47 590.36 536.11 526.63 492 445.79 373.89 416.11 430.95 504.56 492.11 535.55 578.97 530.9 543.21 524.15 570.59 478.97 404.77 504.56 438.22 465.16 455.16 427.34 496.63 447.14 494.57 434.7
-9999 -9999 -9999 -9999 -9999 -9999 -9999 -9999 -9999 -9999 -9999 -9999 -9999 -9999 -9999 -9999 397 474.96 482.36 483.31 566.41 548.32 557.88 533.21 469.17 478.55 469.63 510.11 420.54 465.98 441.13 386.01 437.74 453.39 465.21 529.72 502 469.22 439.08 486.62 450.53 509.3 483.55 526.4 576.29 543.3 529.67 543.12 446.76 436.65 488.96 457.5 377.6 473.08 402.42 439.56 558.81 572.88 537.61 527.78 547.74 528.97 505.06 445.97 417.02 476.88 457.85 483.65 499.99 523.18 484.28 488.54 474.15
-9999 -9999 -9999 -9999 -9999 -9999 -9999 -9999 -9999 -9999 -9999 -9999 -9999 -9999 474.27 475.34 382.77 478.45 518.51 521.13 538.75 534.38 522.3 546.3 508.1 539.11 467.81 414.15 417.68 465.05 452.12 403.78 467.91 533.83 485.37 500.29 561.98 504.67 428.79 479.9 476.4 499.63 520.31 537.88 565.75 552.43 556.44 463.02 460.96 412.56 394.67 371.28 519.73 438.71 534.45 553.85 610.42 601.98 600.07 538.97 436.72 504.4 469.32 507.01 463.69 429.72 469.42 505.12 513.08 482.04 442.27 472.72 499.08
-9999 -9999 -9999 -9999 -9999 -9999 -9999 -9999 -9999 -9999 -9999 -9999 -9999 -9999 444.7 365.05 333.72 459.76 490.63 506.73 534.51 526.11 517.67 540.33 529.8 517.3 455.93 456.02 437.05 409.58 370.15 454.21 532.75 538.22 504.65 569.24 505.35 455.81 455.3 472.76 474.96 499.03 495.81 525.82 555.66 522.45 493.05 434.76 545.21 508.97 332.82 380.77 536.05 547.23 467.76 609.63 636.52 521.92 518.64 495.99 431.2 417.34 489.2 465.99 437.3 438.88 528.68 498.1 449.45 426.74 450.37 504.49 484.57
-9999 -9999 -9999 -9999 -9999 -9999 -9999 -9999 -9999 -9999 -9999 -9999 -9999 -9999 456.22 404.66 426.66 387.27 434.27 521.08 521.64 506.89 487.37 539.58 509.99 459.95 474.49 484.07 432.25 422.2 367.45 455.1 450.16 468.51 526.26 505.96 466.98 440.81 474.67 404.59 442.11 473.96 494.92 511.53 522.07 525.13 499.95 558.3 492.2 421.71 367.15 485.59 423.92 479.88 587.91 623.35 566.32 521.33 489.8 466.32 419.57 452.39 514.1 431.53 368.45 416.8 482.4 438.51 414.54 412.24 421.7 485.55 452.47
-9999 -9999 -9999 -9999 -9999 -9999 -9999 -9999 -9999 -9999 -9999 -9999 -9999 -9999 483.7 321.48 377.92 486.32 498.87 477.85 453.44 520.91 482.41 531.81 549.56 469.53 460.57 444.11 449.67 476.91 361.04 426.82 471.83 446.26 461.39 509.2 448.44 402.81 422.58 446.86 535.91 565.57 523.17 474.61 492.95 528.6 518.29 438.24 342.04 339.41 467.34 431.82 447.61 584.78 573.31 559.99 497.22 422.64 456.82 471.41 399.45 493.9 494.32 443.56 391.35 453.29 490.54 438.24 419.32 409.03 472.76 479.49 474.6
