_input/DGM1000_EPSG31467.asc
NCOLS          643
NROWS          866
XLLCENTER      3280000
YLLCENTER      5238000
CELLSIZE       1000
NODATA_VALUE   -9999
[rows 736 to 767 of 866, columns 438 to 510 of 643]
428.78 425.97 429.19 428.54 447.17 479.74 503.2 514.99 523.27 514.61 503.52 505.17 517.38 504.64 496.08 472.39 465.46 487.84 481.2 481.7 497.69 490.32 474.32 466.24 472.29 467.31 446.38 447.94 472.76 512.66 486.24 492.68 493.69 475.56 503.35 469.6 499.14 485.27 451.38 466.23 469.7 461.64 461.06 444.54 457.69 439.11 429.51 433.92 449.91 464.15 460.92 454.1 437.31 447.12 451.62 441.59 431.97 429.34 433.16 432.97 426.65 421.47 462.82 456.79 468.42 472.17 459.15 478.13 449.61 462.13 439.42 410.18 451.15
431.77 431.29 431.51 430.22 430.38 457.41 476.48 516.15 490.57 493.15 512.88 492.37 501.03 483.81 499.51 502.9 489.2 472.96 482.02 465.96 498.75 480.07 481.89 472.98 452.53 447.35 462.45 479.56 473.9 498.31 494.6 499.97 476.89 476.64 493.53 499.56 484.54 485.84 452.48 458.69 479.91 477.48 462.66 458.73 436.17 445.38 464.33 471.94 454.6 446.02 444.89 459.29 467.73 456.78 463.44 443.29 446.1 462.54 465.12 444.56 426.33 438.11 458.7 478.75 485.19 462.69 473.48 466.7 452.75 440.94 436.39 458.51 464.29
434.08 433.32 433.3 432.56 432.73 487.73 475.89 488.45 490.87 500.21 492.27 483.62 498.49 487.94 477.78 476.28 488.33 491.05 477.42 485.66 474.79 481.42 464.36 462.22 449.14 479.37 470.94 486.19 476.5 512.18 505.88 497.37 484.43 491.88 471.87 465.14 474.1 463.26 465.89 481.79 468.66 456.64 454.49 440.15 466.09 450.13 455.54 473.95 460.29 454.73 493.58 481.52 472.77 453.28 467.18 469.61 472.97 452.53 445.21 443.45 412.88 462.76 444.85 468.07 478.74 450.11 466.8 452.53 449.28 479.2 443.52 448.78 464.44
436.94 436.97 436.26 434.17 446.31 490.22 493.07 511.11 493.32 480.39 476.54 493.63 494.4 509.48 489.74 487.02 470.95 495.04 480.64 477.39 470.74 454.06 457.39 451.7 476.89 457.25 467.93 471.81 472.84 502.28 511.8 489.27 491.52 469.47 462.83 457.06 484.36 491.1 468.7 466.94 466.55 450.69 439.37 446.64 497.27 485.73 493.45 472.36 485.06 475.19 467.28 480.69 483.91 494.32 466.1 449.01 444.3 449.85 439.11 415.45 434.37 453.37 462.93 497.13 481.85 471.91 448.34 443.1 465.82 462.31 441.21 453.8 466.33
439.73 439.5 440.04 437.7 439.27 452.76 457.23 475.47 511.49 521.2 513.51 496.48 488.71 492.7 493.72 504.1 491.32 477.07 465.65 483.4 488.57 460.32 457.42 482.66 473.68 487.9 483.44 464.47 474.34 481.02 509.14 488.73 481.83 484.94 489.77 472.61 452.34 457.3 470.61 474.93 465.48 439.14 473.08 482.9 463.82 454.34 484.74 476.2 480.62 468.3 447.91 445.8 453.91 461.46 479.12 433.59 433.7 419.2 446.4 464.7 453.63 464.14 470.97 490.57 464.12 491.81 462.01 463.46 490.66 477.43 481.43 483.6 484.21
442.67 441.7 442.03 444.58 451.62 468.6 480.37 478.15 499.05 515.52 509.97 490.66 487.65 485.65 502.1 494.89 487.73 463.97 481.66 463.46 455.41 453.36 475.56 468.5 483.09 498.76 517.1 507.29 501.8 494.78 479.1 498.31 469.11 471.44 483.86 478.36 469.84 467.14 448.22 449.66 468.67 476.47 473.55 457.21 459.49 452.81 447.81 479.77 492.4 490.54 493.15 480.24 480.82 436.42 429.26 425.55 440.97 438.81 434 477.22 470.38 469.91 472.57 476.15 480.48 439.55 474.35 492.34 482.75 486.66 482.07 479.4 475.81
445.66 444.53 448.82 444.21 454.68 452.39 478.6 495.85 512.91 486.8 497.52 488.26 496.6 493.29 466.84 462.43 465.06 470.22 470.35 463.69 473.4 471.15 479.74 461.75 463.35 498.83 474.96 491.66 496.49 488.3 465.4 472.71 498.64 483.12 455.69 476.89 464.4 458.29 453.21 443.17 487.81 450.05 470.34 453.57 459.05 454.65 443.69 461.54 479.75 457.35 481.38 447.63 442.78 458.17 449.3 458.9 471.16 433.56 483.86 472.33 490.22 456.14 471.86 448.39 435.18 459.28 472.24 484.77 487.58 471.31 443.79 486.58 460.57
446.56 452.74 449.37 447.97 440.5 480.2 493.37 512.77 500.15 481.46 478.06 475.27 501.11 490.76 477.67 482.81 483.9 486.03 481.08 476.24 477.89 458.7 473.23 479.1 495.15 477.05 484.21 458.55 474.36 496.43 497.64 470.72 476.27 480.19 471.74 462.79 469.74 463.8 444.4 456.4 483.12 456.45 442.45 423.43 469.05 456.9 424.69 467.75 430.06 438.25 463.66 459.69 458.87 454.82 470.67 487.26 474.72 462.9 486.74 494.64 492.13 504.28 489.66 478.59 476.69 452.17 451.14 455.83 464.64 475.15 452.13 431.12 469.81
452.22 455.75 451.67 450.85 453.44 480.49 498.26 494.7 500.68 486.13 517.65 499.05 486.55 492.05 467.01 511.74 489.07 483.64 482.74 494.47 468.14 481.16 489.14 468.97 463.65 473.01 463.7 454.81 481.32 498.62 468.11 476.79 471.96 484.36 475.25 454.12 451.29 477.6 466.83 466.46 466.02 474.25 461.78 431.44 424.29 459.99 420.05 452.48 436.72 434.85 469.37 479.21 477.46 482.55 471.75 473.04 471.73 463.91 469.4 484.09 458.7 479.02 470.8 449.59 440.1 453.94 446.76 445.81 455.66 486.71 464.01 436.5 471.43
460.37 457.57 453.81 452.56 466.2 478.19 485.22 480.89 523.79 499.58 505.97 493.62 493.22 478.65 476.3 503.64 505.25 505.46 498.54 494.3 488.04 489.14 458.66 440.78 458 455.22 458.59 432.63 450 492.7 479.18 474.83 471.44 467.93 451.5 463.39 484.93 484.06 459.41 449.01 466.86 446.39 442.73 436.62 460.03 412.13 423.44 448.85 440.35 441.94 440.85 448.94 452.36 447.32 460.47 446.51 456.45 471.73 453.8 439.98 479.01 484.61 490.56 491.74 461.14 464.43 435.25 414.53 433.83 471.45 493.27 437.86 449.69
464.29 462.24 449.82 458.54 451.01 491.02 469.05 488.37 510.22 490.15 493.03 491.58 472.18 508.1 499.38 478.19 503.89 505.26 484.96 488.53 490.25 478.54 457.99 439.8 448.17 458.28 477.05 430.68 461.73 444.1 465.75 458.55 441.93 464.37 449.77 453.36 446.74 469.22 428.59 450.84 427.1 468.65 453.47 436.92 412.82 456.65 414.15 429.27 451.15 415.36 441.09 422.93 442.97 436.32 465.37 486.67 442.25 423.61 447.11 442.55 462.37 426.7 438.73 453.12 487.44 481.56 438.77 475.77 429.42 418.98 430.18 462.42 404.3
463.34 463.08 464.2 469.12 470.73 484.83 491.75 489 492.16 493.1 503.55 488.14 481.46 478.49 471.46 466.04 484.59 453.27 465.52 460.96 443.78 452.23 470.17 445.88 452.96 441.7 454.77 430.58 454.59 470.26 432.61 462.67 460.92 442.54 454.55 449.9 439.53 481.21 470.51 442 413.03 430.89 444.17 451.63 440.17 452.05 401.71 444.95 461.73 450.45 406.28 442.48 448.89 454.54 479.56 440.49 460.76 419.96 457.68 471.65 437.77 448.49 416.93 450.54 481.2 443.04 462.85 432.78 435.86 409.38 450.02 446.62 394.77
476.17 456.94 470.83 471.17 492.74 476.05 495.85 508.76 492.42 502.96 489.55 500.22 495.39 473.39 465.61 454.46 452.77 473.71 470.62 460.06 470 434.64 479.7 472.29 437.11 428.74 454.73 424.96 438.59 471.71 436.02 432.9 440.3 445.6 458.69 451.56 432.1 462.45 436.29 437.1 407.35 405.99 405.25 404.87 404.1 403.15 399.57 397.09 394.89 399.31 398.51 385.66 468.14 419.58 426.14 473.97 450.8 425.01 420.8 477.69 442.99 439.93 436.34 458.3 414.7 357.45 356.5 467.84 447.03 454.06 445.02 398.37 384.8
481.16 473.34 478.07 479.09 500.52 511.05 510.85 494.29 490.76 495.54 494.86 484.43 479.64 479.79 478.63 469.11 457.21 436.76 455.58 433.77 432.48 430.73 428.75 427.89 426.86 426.55 424.8 422.75 434.22 422.62 469.92 433.73 436.71 440.62 435.79 433.07 418.87 410.81 410.09 409.59 408.41 407.68 406.7 405.8 405.94 404.76 403.45 400.66 400.24 399.04 395.36 393.41 382.27 388.02 374.27 371.12 441.63 400.51 366.42 363.64 362.21 364 361.53 360.08 356.68 365.64 367.92 364.73 371.29 412.46 462.52 437.82 397.92
478.16 482.77 481.16 483.17 489.57 510.16 489.14 494.13 495.59 484.18 480.1 466.09 488.71 455.14 451.43 438.8 439.62 438.52 437.68 455.17 445.73 467.32 454.93 469.53 431.56 453.62 433.71 424.89 422.15 422.11 420.51 419.68 459.29 434.16 416.46 415.04 413.13 413.33 412.54 411.31 410.59 409.94 408.88 408 408.53 407.31 402.85 402.23 400.62 398.19 387.43 384.46 370.92 369.35 379.04 369.08 366.34 366.04 378.87 362.73 362.01 361.63 364.4 359.02 360.67 361.81 379.06 366.32 361.78 361.1 360.54 373.79 375.69
491.4 484.78 484.42 479.95 499.64 519.14 495.9 484.71 474.64 469.33 484.06 453.12 449.96 446.72 446.39 446.43 458.21 482.82 477.64 463.54 456.33 473.07 439.29 443.28 437.44 437.97 471.05 464.04 429.19 440.82 427.04 419.17 418.7 416.51 417.53 417.86 417.03 415.39 415.4 414.77 414.51 409.98 411.84 410.55 403.58 404.14 400.29 398.73 390.1 376.77 373.93 371.33 379.37 379.68 369.42 368.68 367.41 384.02 381.23 382.21 372.12 370.67 378.94 400.23 389.48 370.87 384.75 386.61 375.21 367.51 363.6 350.63 366.36
500.09 499.1 483.71 492.77 500.35 521 515.89 491.45 471 463.15 463.2 460.97 459.93 491.58 458.01 473.66 496.29 487.95 467.84 459.43 471.09 474.46 465.02 463.08 444.93 445.47 486.24 439.51 488.98 484.44 449.49 436.86 424.3 419.93 415.91 421.38 418.41 418.91 418.32 418.2 416.73 387.67 382.98 379.68 379.95 384.96 391.66 376 375.81 374.74 368.82 378 388.4 380.97 397.56 376.62 388.22 405.91 400.35 408.43 408.48 406.95 405.17 402.42 388.35 369.23 375.39 390.42 391.16 372.87 367.91 363.34 349.09
504.6 503.89 499.93 503.1 492.58 521.8 526.27 495.99 476.24 502.55 536.75 536.62 539 483.22 531.18 518.14 503.24 473.64 515.16 509.86 525.14 480.39 511.01 480.84 499.66 455.22 489.35 485.18 470.74 474.22 484.8 455.51 451.31 452.37 427.19 426.11 423.61 421.88 421.44 397.29 387.12 386.27 387.12 382.23 374.29 381.12 380.79 381.42 385.96 388.83 392.88 402.62 400.94 398.95 398.33 397.76 405.78 408.78 411.17 411.96 411.66 409.46 406.67 404.6 372.94 374.44 396.63 397.31 394.4 393.26 367.53 366.27 359.14
502.15 506.02 507.34 510.64 504.87 524.77 523.17 499.06 477.74 516.69 512.94 555.46 501.47 538.5 534.32 537.07 484.98 555.87 508.8 546.85 540.75 522.37 475.95 492.07 474.44 499.64 468.32 497.54 512.64 500.52 486.15 471.88 467.2 454.84 430.9 429.78 426.91 425.03 423.51 421.63 378.89 396.8 383.8 382.51 381.98 382.3 383.93 383.64 407.12 408.04 404.56 403.08 400.71 399.46 398.1 403.79 407 410.99 414.56 415.52 413.87 411.38 409.87 378.92 377.21 380.82 401.72 398.59 398.71 366.35 363.62 361.02 348.68
508.84 508.86 509.76 513.59 510.99 520.85 543.61 487.91 504.9 511.72 543 556.21 542.54 548.39 556.45 507.86 522.21 561.29 555.41 570.82 551.33 528.9 559.67 510.03 538.09 501.68 528.12 494.97 513.24 494.21 470.86 528.6 519.91 438.3 435.16 432.27 430.21 425.64 425.22 425.02 413.88 381.01 399.2 397.68 391.74 391.37 400.28 410.34 408.18 406.23 406.38 402.34 400.55 401 401.25 403.04 408.28 412.2 416.36 418.34 415.81 415.06 406.44 380.52 406.28 406.4 402.69 403.43 372.24 359.1 354.21 349.94 349.87
510.17 509.06 513.2 520.36 524.05 530.17 534.91 541.33 527.02 493.31 544.66 553.43 549.77 544.86 579.26 515.68 579.59 584.66 583.53 536.54 538.6 583.79 534.53 485.28 561 561.89 506.19 523.69 515.19 554.98 532.58 498.07 492.3 439.36 438.28 434.8 430.82 428.36 396.87 417.68 389.31 404.43 403.46 404.14 447.37 427.55 447.21 443.83 413.52 411.83 442.2 442 433.33 440.02 442.4 435.79 416.89 433.98 437.17 420.04 419.14 412.19 387.73 384.92 411.36 407.27 407.11 409.67 401.75 352.6 -9999 -9999 -9999
512 505.95 513.72 519.98 533.52 542.51 528.55 543 534.38 501.33 539.04 555.47 552.09 590.77 579.58 534.45 582.69 600.98 615.99 604.52 589.06 564.48 549.18 573.75 569.52 559.74 515.33 539.52 561.37 506.49 476.89 528.7 445.69 443.64 438.92 435.22 433.21 393.29 404.03 413.95 406.37 411.96 401.93 431.33 452.21 418 449.46 449.46 448.66 415.06 448.3 424.43 420.39 448.91 446.39 443.05 438.41 438.19 424 424 418.25 397.83 388.61 416.88 412.2 408.72 413.32 413.23 412.21 352.66 -9999 -9999 -9999
500.54 502.28 504.66 517.86 532.85 553.11 559.51 547.55 535.99 540.75 515.36 558.59 569.42 608.06 579.13 526.18 542.31 566.91 597.84 562.98 568.01 518.87 523.19 522.76 568.63 586.56 534.87 567.59 581.1 519.85 478.54 454.76 449.23 445 417.5 398.87 398.02 394.81 407.3 456.16 444.26 435.89 460.89 458.07 455.67 434.46 450.76 452.82 451.75 420.37 451.91 440.12 450.32 451.52 449.61 447.53 423.66 444.79 428.11 426.07 416.73 396.85 414.48 432.75 412.42 410.65 418.34 417.81 413.51 -9999 -9999 -9999 -9999
511.26 506.85 509.42 515.44 530.23 565.74 566.75 571.71 527.13 556.64 530.07 560.56 589.86 578.12 561.87 560.86 564.83 589.55 589.25 571.97 556.12 561.7 594.61 592.53 565.05 540.1 521.39 553.36 590.77 563.84 560.66 454.4 435.85 413.61 417.66 393.78 397.72 403.81 453.02 466.53 463.69 464.1 464.63 461.34 442.72 454.62 454.73 453.51 452.95 450.69 455.8 454.26 455.75 453.57 452.34 449.61 441.15 447.92 431.18 402.65 399.1 468.33 474.25 482.69 429.49 444.46 423.41 420.94 417.64 -9999 -9999 -9999 -9999
513.76 513.14 515.08 516.81 527.77 565.93 567.92 554.25 599.82 559.73 576.53 546.08 605.27 579.61 585.52 583.44 568.96 596.26 613.04 603.1 560.52 585.55 572.84 514.82 527.54 525.23 533 487.08 565.24 572.14 408.05 417.37 404.96 413.71 402.17 392.6 435.62 422.6 471.54 469.95 471.76 444.53 468.2 465.5 463.33 456.4 459.48 459.27 431.63 458.22 459.25 458.46 457.94 457.59 457.91 472.88 451.14 410.25 404.99 402.77 447.95 450.33 499.89 443.41 438.36 430.81 429.34 367.49 -9999 -9999 -9999 -9999 -9999
512.04 519.47 518.07 522.18 524.94 553.98 589.74 587.26 602.69 550.54 603.51 601.72 629.59 624.94 574.73 562.43 548.84 552.11 554.05 530.35 519.4 518.45 508.58 502.42 535.27 522.37 494.13 531.07 442.91 438.28 406.77 426.1 422.16 412.03 458.21 443.22 473.29 445.84 476.01 479.82 478.43 476.04 471.31 468.65 466.58 464.56 465.26 463.11 448.66 462.88 463.38 462.79 461.98 459.49 467.39 416.75 411.52 412.02 430.98 450.54 430.19 456.72 454.11 432.98 445.59 437.49 354.8 406.07 -9999 -9999 -9999 -9999 -9999
515.6 525.14 529.23 526.98 529.55 544.19 577.59 626.17 604.45 569.09 569.44 592.41 608.95 624.19 569.27 559.72 554.8 547.47 540.26 529.58 525.04 517.15 502.96 505.87 479.51 513.21 518.86 519.18 409.9 407.49 406.69 432.3 432.9 466.21 497.26 511.42 481.86 475.75 461.21 483.86 481.84 479.55 474.68 471.3 471.66 469.84 469.16 445.75 462.82 466.68 451.74 449.83 493.21 486.74 421.64 428.66 449.74 495.42 490.96 441.67 456.46 459.1 456.54 454.89 446.15 391.25 -9999 -9999 -9999 -9999 -9999 -9999 -9999
520.99 524.62 527.74 532.5 535.86 538.09 567.94 594.38 605 585.52 574.33 596.7 591.14 587.79 576.42 546.13 547.02 544.93 521.2 507.69 526.72 526.39 502.9 510.56 501.48 463.32 443.03 415.43 412.68 436.39 427.21 473.44 471.51 473.9 516.84 516.77 522.41 501.47 508.55 488.84 485.74 483.16 468.98 478.17 476.37 473.91 449.19 473.68 470.21 455.59 454.73 432.72 425.27 434.52 512.4 525.1 494.92 488.45 447.59 458.03 473.12 467.62 467.01 454.46 402.72 -9999 -9999 -9999 -9999 -9999 -9999 -9999 -9999
525.41 529.51 533.18 537.01 542.6 546.62 547.73 571.32 591.43 590.97 601.92 603.9 601.44 549.09 543.18 536.57 530.87 525.11 510.63 506.06 523.86 501.38 510.33 548.28 519.31 473.95 438.2 448.36 446.68 426.38 466.5 477.81 482.78 513.51 529.14 535.94 523.09 541.98 501.76 489.99 489.85 485.41 482.62 483.51 481.09 477.63 481.17 480.76 460.77 458.6 433.68 443.06 503.84 524.03 513.2 508.85 499.74 450.24 466.49 457.96 483.57 479.23 361.64 359.92 372.83 -9999 -9999 -9999 -9999 -9999 -9999 -9999 -9999
530.19 534.43 539.29 544.11 546.87 554.84 556.96 566.88 575.44 587.3 615.35 584.79 561.25 556.86 545.17 527.94 534.99 542.41 490.52 507.75 514.01 491.7 501.4 478.69 418.37 503.38 501.58 513.04 493.21 492.67 490.75 481.69 490.62 500.55 528.86 544.06 534.04 491.44 484.87 508.7 503.95 498.63 487.72 488.62 464.12 480.17 487.35 485.7 460.39 442.73 504.5 522.36 512.01 504.37 502.26 472.59 463.97 488.16 475.04 468.77 484.85 463.03 379.66 -9999 -9999 -9999 -9999 -9999 -9999 -9999 -9999 -9999 -9999
535.28 538.79 544.68 547.2 556.01 562.9 573.68 584.74 580.62 595.62 582.96 579.16 571.34 519.35 521.14 520.26 524.97 523.92 491.44 488.83 481.85 487.62 477.4 474.06 469.96 412.72 509.76 514.06 505.18 500.09 490.96 486.45 497.32 514.57 536.17 566.26 511.31 506.15 503.9 517.36 505.8 505.6 507.34 498.18 485.89 475.03 507.15 496.75 447.46 495.97 512.52 506.24 491.95 472.46 484.56 484.08 476.12 485.67 478.58 484.39 505.61 403.36 -9999 -9999 -9999 -9999 -9999 -9999 -9999 -9999 -9999 -9999 -9999
541.77 545.16 548.37 556.44 559.99 578.59 588.99 573.6 569.88 573.12 579.52 541.72 525.09 533.47 512.46 505.27 514.75 502.75 494.09 477.74 474.82 480.84 520.4 513.97 501.09 516.29 508.83 529.28 525.5 509.76 505.4 507.67 513.63 581.98 574.95 547.05 511.93 511.53 520.79 520.67 508.58 499.33 497.56 510.47 493.34 481.61 511.13 512.85 451.39 475.74 470.35 501.49 493.98 486.03 490.76 495.36 487.77 488.24 486.77 493.15 489.79 406.52 -9999 -9999 -9999 -9999 -9999 -9999 -9999 -9999 -9999 -9999 -9999
