_input/DGM1000_EPSG31467.asc
NCOLS          643
NROWS          866
XLLCENTER      3280000
YLLCENTER      5238000
CELLSIZE       1000
NODATA_VALUE   -9999
[rows 576 to 607 of 866, columns 146 to 218 of 643]
102.13 145.9 144.2 190.74 177.98 234.51 259.2 249.36 206.38 205.77 226.86 203.01 153.34 142.57 179.14 151.25 118.97 191.33 202 193.92 151.64 174.05 145.04 123.25 131.33 166.1 133.96 82.3 84.53 84.3 84.07 83.4 84.16 84.5 84.34 86.39 87.11 88.2 87.48 87.35 89.01 92.11 96.1 100.23 104.78 108.94 114.89 124.07 131.12 136.97 158.52 167.65 180.9 185.11 173.24 178.96 217.19 176.78 160.04 152.78 148.8 146.84 149.65 145.75 155.39 153.1 149.56 158.59 150.9 150.8 209.46 231.23 283.79
111.72 109.39 124.85 157.29 175.33 177.24 241.81 210.69 252.96 243.54 205.7 168.93 145.96 172.94 190 137.26 128.7 126.58 132.23 130.7 127.14 141.98 156.13 147.58 115.12 174.83 103.84 92.09 84.56 85.61 83.53 84.56 84.84 84.28 84.63 86.07 86.96 86.28 88.03 88.36 87.96 91.01 94.94 99.1 103.45 108.79 116.76 125.6 133.33 143.88 157.26 161.14 198.27 190.8 187.09 194.99 204.05 188.21 163.43 155.39 164.76 152.41 152.2 148.23 167.74 162.69 148.29 163.26 162.28 156.28 227.6 214.4 241.95
139.62 117.91 143.25 171.71 257.22 182.5 182.2 165.75 212.95 185.56 196.3 170.5 211.03 210.36 179.84 150.38 140.82 143.7 132.06 133.41 121.83 134.46 157.97 156.09 149.48 114.7 115.61 175.52 84.75 84.55 84.6 84.62 85.21 84.76 86.3 86.45 86.85 87.83 86.38 88.24 87.41 90.52 93.95 98.51 103.89 111.43 115.47 123.65 131.35 152.27 173.32 173.33 189.56 218.9 223.82 235.26 223.19 183.06 178.38 174.48 193.65 172.58 158.26 149.64 177.62 164.2 158.41 172.67 180.19 160.27 211.55 206.7 283.58
118.74 119.9 122.06 212.91 214.8 157.77 146.87 146.05 164.96 166.68 201.91 189.7 247.91 212.99 188.17 181.47 160.38 147.44 146.16 138.69 129.17 148.92 168.02 158.79 166.67 144.46 186.47 160.03 85.65 85.34 82.07 84.69 84.75 85.2 86.05 86.27 86.94 87.88 88.7 88.75 86.94 88.31 92.17 97.43 101.94 108.21 117.38 123.12 137.97 159.63 182.51 220.22 190.92 210.36 216.17 234.51 209.12 201.92 251.57 207.05 185.84 170.25 173.45 151.64 175.44 173.37 172.23 162.24 187 164.79 218.92 248.46 287.46
118.69 133.95 133.69 115.8 118.89 121.49 122.34 154.37 133.63 170.66 213.76 233.26 247.25 216.51 200.09 185.8 171.03 145.92 136.52 133.68 128.62 157.61 141.59 150.81 161.29 161.66 206.92 121.96 84.87 85.3 84.03 85.52 84.95 85.15 86.27 86.58 87.24 88.32 86.16 86.95 87.05 87.79 91.71 98.4 100.24 106.83 112.2 116.86 133.8 170.53 232.44 236.07 211.37 212.98 236.79 271.2 255.53 240.51 205.72 184.11 175.75 173.39 160.27 153.61 175.82 176.69 175.94 183.83 206.77 177.86 172.64 185.4 245.74
125.01 129.55 140.04 154.62 137.47 136.76 123.7 148.2 150.03 181.88 213.81 249.22 237.93 209.4 186.02 180.93 153.94 157.39 146.2 138.41 125.72 157.87 151.58 136.05 149.85 193.35 195.69 127.68 85.38 84.15 85.18 85.37 85.27 85.89 86.34 86.26 87.93 88.2 89.6 89.76 88.82 89.2 90.65 94.95 99.06 104.46 111.15 116.9 128.84 158.4 185.73 226.95 191.11 237.26 261.61 211.29 233.81 249.51 230.76 189.02 172.97 177.95 176.74 155.05 175.48 172.82 164.48 203.54 233.13 220.34 187.75 235.5 253.84
125.16 156.36 143.56 181.82 193.34 139.13 127.06 140.21 201.33 222.38 243.48 254.48 211.45 194 198.34 179.83 177.11 152.45 147.49 127.69 150.67 171.15 171.18 163.14 182.48 180.11 181.98 97.21 85.43 86.43 85.13 85.95 86.73 83.85 86.04 86.27 86.39 88.94 88.53 89.26 87.76 90.32 91.79 95.47 98.25 101.72 109.72 122.39 127.41 138.46 155.96 236.66 187.15 206.87 233.66 234.68 205.88 233.65 208.95 239.95 193.38 174.62 163.6 159.51 185.43 191.66 175.14 235.91 259.55 268.21 208.09 211.52 343.66
136.84 132.08 137.54 175.68 167.99 138.86 137.21 136.02 168.93 205.11 257.63 243.74 221.74 212.35 198.86 185.59 167.45 142.27 135.22 141.22 140.07 156.9 199.11 184.25 188.68 176.22 171.89 87.7 87.66 85.01 82.32 83 84.92 86.44 84.43 82.65 85.55 88.07 88.96 91.92 88.62 90.31 90.79 92.77 98.31 101.29 106.02 111.46 115 120.75 162.97 211.6 182.68 203.03 260.71 302.61 230.12 263.43 227.98 192 199.27 186.86 157.83 199.19 204.38 217.6 181.49 256.26 297.01 328.29 255.59 295.98 303.27
138.52 140.94 145.78 149.3 172.29 153.92 139.4 145.76 145.63 168.93 185.94 207.64 176.56 199.66 196.7 185.37 136.67 148.52 149.98 139.68 175.1 200 188.71 204.3 201.35 183.58 147.72 89.04 85.47 85.65 85.39 86.89 85.78 85.2 86.41 87.52 87.63 87.97 88.84 88.21 89.97 88.37 90.59 94.92 97.74 101.44 105.3 107.11 114.39 131.12 192.31 171.33 239.83 207.05 301 248.72 225.67 240.75 234.28 213.22 245.06 192.96 171.92 223.61 227.91 239.89 191.75 219.38 261.63 301.51 252.62 312.54 301.28
154.76 158.93 163.26 158.05 191.83 159.64 137 141.74 140.58 143.56 147.55 180.62 169.07 159.82 149.75 148.3 154.03 210.59 153.9 159.8 162.79 194.73 204.52 190.94 183.61 181.17 174.46 88.42 85.88 84.63 86.44 86.06 87.6 86.8 86.74 86.35 87.57 88.01 89.37 89.23 89.73 90.66 91.95 94.91 96.44 99.98 104.34 114.65 120.78 151.11 305.73 228.86 178.22 306.6 298.94 254.53 250.98 251.73 218.54 208.19 206.61 181.2 161.84 206.59 238.77 208.34 242.91 276.36 227.86 308.27 359.49 251.25 231.95
150 152 220.56 166.3 145.32 150.38 158.22 154.36 159.8 179.56 165 168.98 159.12 161.85 187.91 153.88 139.4 147.58 170.58 176.82 184.06 202.52 208.29 210.22 194.7 196.01 166.48 88.8 90.1 85.8 86.01 83.82 86.92 85.14 85.85 87.51 88.16 88.36 88.78 89.87 89.9 90.05 91.93 93.28 94.31 95.42 105.69 115.34 129.59 175.41 397.22 264.03 314.53 320.2 314.3 262.27 260.13 274.85 259.36 256.97 198.42 181.01 205.68 165.21 204.05 179.94 262.32 313.01 350.04 313.85 332.84 223.04 197.95
205.36 171.54 222.08 209.44 208.41 217.69 223.65 203.28 180.34 213.47 180.66 177.61 158.16 195.76 198.6 170.86 150.68 140.88 149.54 149.13 158.05 183.59 205.32 193.28 181.47 181.93 151.89 87.39 88.52 88.7 86.34 86.48 82.99 87 85.95 85.65 88.52 89.59 88.93 89.54 90.12 90.87 91.53 90.75 91.87 93.97 107.46 120.4 140.8 164.76 398.46 254.75 325.86 334.96 329.98 264.66 244.27 265.53 208.59 193.81 194.97 212.53 263.09 151.12 175.66 180.35 203.18 270 306.3 357.98 303.33 222.77 211.03
233.5 197.92 169.76 218.49 229.8 265.41 263.48 279.34 274.07 206.22 188.66 192.42 202.77 199.23 184.38 156.48 161.07 166.14 147.37 146.79 152.54 166.78 190.46 189.38 182.65 167.48 120.61 87.53 87.7 86.28 86.44 85.71 86.69 84.06 87.66 87.51 88.41 88.47 89.58 89.95 90.11 90.82 91.09 93.28 90.98 91.43 106.26 120.43 127.16 161.72 294.06 266.64 340.85 341.7 325.73 255.42 277.4 276.15 245.69 228.59 268 187.89 300.04 266.37 226.72 171.23 197.58 238.99 355.58 341.63 301.5 250.22 240.42
238.49 200.45 227.23 262.76 257.57 262.7 271.57 285.26 230.32 265.96 196.78 225.96 225.66 177.62 151.87 153.67 172.12 172.7 158.8 159.24 172.21 173.54 162.29 162.5 130.34 139.34 92.03 88.08 84.86 86.52 86.14 87.11 86.59 87.17 83.59 87.25 87.89 90.96 89.27 89.87 90.22 90.76 89.46 92 91.94 94.05 103.51 117.81 121.82 183.11 196.63 279.48 378.88 367.35 289.19 279.78 304.79 261.17 233.02 367.58 186.98 238.52 291.04 260.27 201.27 175.87 202.14 237.04 325.95 375.26 253.91 257.92 314.92
263.41 271.71 267.98 270.44 278.49 291.84 281.35 295.67 266.74 209.18 190.98 171.98 159.65 177.97 161.07 176.65 229.04 204.48 182.79 169.96 165.22 192.46 198.09 180.17 168.05 117.98 89.95 88.44 88.88 85.84 85.06 86.09 87.02 86.34 86.75 87.94 83.71 89.54 89.76 89.95 90.75 91.23 91.08 91.79 90.5 96.89 103.37 110.94 135.69 176.19 239.71 297.5 382.25 388.23 270.44 324.43 294.3 267.98 323.71 259.06 284.25 329.04 305.9 262.66 211.6 176.76 215.26 314.64 359.4 343.03 296.51 246.39 199.64
240.66 279.9 293.55 294.6 307.05 282.25 220.22 222.73 227.99 188.08 196.63 173.11 200.62 194.25 209.67 208.81 271.19 263.08 202.67 177.5 174.79 201.77 183.32 176.12 160.92 162.82 87.94 87.87 89.96 88.75 87.68 88.05 87.07 87.25 87.32 83.93 87.06 90.56 91.23 90.04 90.8 91.43 91.39 91.67 90.96 95.21 101.53 122.26 287.3 243.83 290.66 318.98 368.57 314.86 365.27 320.14 365.76 391.74 362.56 333.77 328.35 362.52 251.57 230.51 193.17 179.13 239.3 318.25 405.77 356.38 328.41 221.81 304.84
267.45 240.93 309.06 268.74 253.8 233.14 228.35 214.73 223.07 250.51 270.84 206.88 187.59 248.49 276.37 287.2 284.28 281.76 277.68 184.14 202.48 162.36 162.47 180.61 173.26 131.4 88.5 89.43 88.77 87.76 87.88 87.5 87.13 88.63 86.9 88.19 87.46 88.35 90.01 90.77 91.19 91.53 92.22 92.29 92.64 93.65 96.28 183.5 250.92 295.85 310.81 363.13 421.47 313.72 324.3 321.43 355.64 420.26 501.05 439.21 457.48 360.95 307.61 238.89 222.05 199.34 250.19 301.47 394.42 386.38 313.03 307.15 307.25
250.32 312.72 317.79 301.35 258.14 236.71 212.06 261.89 283.49 283.73 211.83 213.9 225.26 257.4 254.26 276.24 271.19 275.49 250.85 214.19 198.75 170.54 146.09 141.93 133.75 90.62 89.04 87.64 88.83 88.04 88.66 88.42 90.99 87.48 83.98 90.97 88.41 93.67 90.31 90.93 91.34 91.78 92.54 92.58 91.44 92.38 94.2 281.33 484.47 297.78 348.89 411.32 362.63 309.72 301.88 357.13 413.61 512.62 573.91 522.64 364.32 330.56 268.15 222.81 215.52 250.8 305 316.74 402.73 344.16 317.43 277.36 230.18
317.92 340.92 334.13 312.46 287.89 254.62 300.79 294.27 268.61 234.24 251.85 223.81 219.63 218.75 237.57 250.3 259.41 277.81 251.05 209.33 150.84 141.31 147.73 145.81 125.26 89.75 89.39 88.63 88.49 87.75 87.9 88.07 88.26 87.61 87.96 86.81 89.56 90.03 90.31 90.88 91.26 92.64 91.39 92.55 92.86 93.23 95.15 202.5 374.47 227.48 304.64 251.64 213.28 300.16 344.57 348.04 408.76 489.59 486.38 468.09 391.62 311.08 230.17 295.74 211.9 255.55 322.99 315.92 360.85 343.72 266.98 304.55 326.51
321.13 305.58 324.4 309.99 255.1 311.73 303.26 289.85 260.37 290.6 300.56 291.02 242.38 206.67 191.59 200.02 215.08 191.55 160.98 160.98 124.85 114.43 111.91 114.28 101.08 103.37 91.49 89.28 89.2 88.85 87.31 87.86 88.21 87.11 86.63 88.44 88.36 89.97 90.88 90.99 91.35 91.78 92.62 94.58 93.59 93.92 96.78 154.23 229.52 202.95 260.18 209.59 222.6 248.34 408.49 422.39 407.39 454 462.52 425.44 293.98 261.43 234.24 213.87 198.08 303.86 381.12 511.02 444.95 347.82 287.59 311.83 314.52
326.08 342.96 319.59 313.05 315.24 296.32 304.04 298.06 284.52 299.98 297.5 287.67 253.6 222.65 195.1 176.67 156.64 141.87 157.5 167.21 140.35 152.87 140.52 121.1 130.59 93.62 90.75 88.97 85 88.61 87.68 89.13 88.37 87.83 87.95 88.47 89.52 89.9 90.24 90.96 91.61 91.73 92.54 93.75 92.81 94.07 97.41 128.91 212.97 211.75 176.92 333.93 318.84 378.24 503.61 433.52 341.34 388.4 512.34 390.5 307.48 225.48 283.63 300.05 256.79 324.4 383.87 434.33 402.19 385.74 347.27 276.79 266.76
325.71 324.27 342.48 327.22 301.92 306.16 302.63 300.66 301.49 304.81 297.06 281.6 270.19 254.62 208.45 224.8 216.79 195.1 184.66 164.04 145.96 135.07 133.17 140.16 131.71 96.1 89.81 89.84 89.1 87.57 87.33 86.67 87.11 89.26 89.41 90.33 88.97 89.61 90.06 91.08 91.59 92.29 93.88 92.8 94.18 93.88 97.3 130.21 172.68 234.5 235.33 208.49 228.35 405.1 480.45 421.89 379.73 306.7 346.67 356.6 245.43 257 286.18 338.12 233.06 316.49 358.36 421.39 411.46 397.15 407.3 349.41 334.18
309.74 361.17 309.3 256.72 245.74 297.96 311.25 303.69 287.74 288.88 280.63 285.03 273.38 265.24 254.2 270.17 230.04 206.31 183.01 148.79 130.56 132.83 121.54 122 118.94 100.17 90.7 90.46 89.02 88.53 90.88 91.38 88.54 87.16 92.19 89 89.16 88.3 90.03 90.85 91.84 92.28 92.8 92.92 94.02 94.58 97.79 103.41 185.72 200.41 189.54 232.37 351.29 476.03 533.69 547.87 347.28 245.39 360.75 294.13 274.01 291.85 313.19 295.33 250.16 289.44 305.08 471.27 377.7 370.84 378.82 291.98 299.08
361.82 369.43 303.81 254.71 237.95 233.81 224.67 251.18 272.92 229.73 287.03 285.22 279.71 277.64 260.59 272.42 225.04 180.63 168.07 137.89 127.84 119.49 111.52 99.12 97.74 100.48 90.46 91.06 84.96 87.82 90.83 90.76 90.61 88.99 88.92 89.86 89.21 89.16 89.98 90.86 92.34 93.11 97.64 93.09 93.49 96.17 97.94 100.74 171.48 172.84 217.83 353.84 422.16 452.88 394.95 416.18 291.83 253.42 272.23 227.67 239.2 327.77 407.76 276.67 332.63 330.76 387.52 434.62 415.71 377.73 409.61 335.49 299.77
415.64 388.44 329.19 259.66 234.98 283.42 283.19 203.39 215.69 191.87 272.72 281.77 285.04 279.1 266.13 269.23 194.33 164.41 142.01 133.45 125.23 112.12 122.13 127.02 138.61 125.15 92.42 91.74 91.95 89.21 89.57 92.31 89.97 90.52 90.42 89.36 89.6 89.57 88.85 91.49 92.17 92.42 95.68 95.14 92.98 94.96 96.07 96 130.99 227.25 323.6 319.34 401.26 343.77 395.28 258.38 255.68 224.11 240.5 205.92 229.36 361.15 386.49 322.61 334.27 419.38 438.38 429.55 406.14 346.18 387.8 329.89 362.13
293.78 289.21 287.24 259.42 242 288.1 290.47 283.69 225.65 170.06 186.8 213.77 273.81 278.31 265.77 255.74 173.43 159.13 135.07 159.17 162.09 158 150.26 148.35 146.26 129.16 97.3 94.02 92.7 89.47 88.44 88.9 88.67 88.99 90.58 89.62 89.46 89.3 91.08 93.49 93.04 97.04 94.84 104.54 95.61 95.15 94.5 96.97 123.75 168.65 258.96 329.55 365.44 323.29 268.94 240.15 229.75 228.49 223.12 206.24 256.19 429.79 415.58 438.59 478.55 391.43 364.32 414.72 379.83 321.71 383.82 366.37 336.1
306.79 295.32 278.12 269.46 229.81 242 193.17 183.89 191.22 192.36 188.74 171.41 156.3 161.79 159.5 197.54 171.04 163.25 167.11 165.41 158.22 151.81 139.2 144.23 123.48 122.48 113.7 100.93 96.46 85.6 89.37 88.25 88.41 88.48 89.77 90.91 90.69 90.73 91.56 92.28 93.24 93.28 93.87 95.52 94.01 94.15 95.17 97.4 103.29 185.83 153.71 185.17 221.92 303.33 224.3 205.82 190.7 193.59 196.05 214.75 320.28 409.98 405.63 457.49 414.36 439.94 328.68 443.39 339.69 313.42 349.9 380.31 354.8
280.15 287.42 245.5 206.02 194.87 181.94 211.31 223.58 247.06 259.8 234.01 193.18 249.05 208.83 182.32 155.96 152.78 148.63 128.43 126.31 133.48 118.44 116.87 111.78 110.19 107.19 107.31 102.88 96.95 90.01 89.18 89.08 88.35 88.15 90.55 90.15 88.87 91.39 91.88 92.5 93.32 93.81 94.44 96.76 94.47 94.43 95.86 95.92 100.65 168.89 240.52 281.8 227.97 363.08 240.26 300.2 204.86 178.17 198.14 245.09 451.2 487.65 437.95 460.02 441.44 430.43 412.4 340.22 377.93 334 358.37 380.74 347.24
295.81 275.76 265.99 245.93 203.13 219.99 294.35 282.67 268.55 282.22 197.05 236.82 290.26 276.45 240.11 179.49 178.19 152.87 140.15 139.79 132.3 130.26 142.54 131.1 125.41 120.61 112.42 104.18 94.35 92.32 88.71 90.11 88.8 88.58 89.99 90.7 90.96 91.84 92.4 93.34 94 94.24 94.62 104.71 94.56 94.63 94.5 95.67 95.74 219.11 257.16 371.1 358 351.08 302.47 235.52 194.87 185.14 226.74 276.5 500.26 496.91 427.44 430.85 381.55 435.43 384.72 339.97 325.52 372.81 314.9 419.57 343.7
255.98 234 229.02 222.54 206.09 254.41 288.15 270.5 253.41 233.53 224.87 285.26 299.59 286.98 244.3 173.58 164.12 140.05 122.81 135.88 129.01 121.34 121.62 121.15 124.43 117.28 102.98 94.24 89.69 89.27 85.74 89.94 89.79 89.83 90.93 90.86 90.15 92.03 92.61 93.9 94.33 94.89 95.66 95 94.85 95 95.46 95.04 95.62 142.78 269.18 272.53 374.49 258.66 277.51 258.35 175.41 209.4 221.07 350.97 465.23 480.84 404.33 444.9 404.74 524.63 432.52 386.28 298.52 322.71 307.57 340.52 397.09
261.47 259.15 251.32 220.61 215.64 272.13 287.84 277.26 241.58 256.22 275.55 288.46 284.3 240.08 233.58 157.65 137.64 123.59 127.89 125.51 121.28 111.76 108.21 104.99 102.13 99.83 97.16 92.63 89.21 89.31 89.37 85.55 86.77 89.36 89.03 90.29 91.74 92.22 93.31 94.33 94.84 95.4 98.94 95.32 95.42 95.63 95.29 95.93 96.79 101.83 218.34 262.08 331.11 255.4 223.34 222.12 179.15 188.57 229.33 309.62 490.9 496.72 407.1 421 382.12 548.4 432.52 398.58 340.04 348.52 447.66 358.7 265.18
252.18 227.66 213.03 215.95 216.8 234.96 265.13 261.51 283.27 282.28 288.23 279.33 303.38 304.28 250.66 156.26 145.09 155.18 131.53 142.15 138.66 131.18 123.7 120.91 114.96 106.93 97.6 92.18 92.8 89.64 89.87 89.65 90.03 87.94 90.2 91.74 92.65 92.74 93.66 94.31 95.19 95.68 95.85 95.72 96.24 96.42 95.66 95.63 95.68 96.01 281.26 343.33 298.93 208.94 178.39 161.18 181.39 217.58 236.21 327.79 555.44 454.91 405.26 385.61 380.25 449.15 431.07 447.36 421.83 451.11 452.09 412.78 383.86
