_input/DGM1000_EPSG31467.asc
NCOLS          643
NROWS          866
XLLCENTER      3280000
YLLCENTER      5238000
CELLSIZE       1000
NODATA_VALUE   -9999
[rows 672 to 703 of 866, columns 365 to 437 of 643]
562.15 544.17 548.81 551.89 550.58 549.07 543.1 548.06 546.02 547.85 549.13 572.94 552.53 562.15 539.75 531.85 521.42 452.13 504.98 433.63 429.05 429.69 500.91 491.36 470.78 517.82 539.61 492.16 379.11 371.09 484.37 500.57 386.24 368.81 498.05 500.5 517.95 499.96 505.66 508.67 499 497.33 494.98 513.56 500.35 490.44 484.24 474.57 356.68 488.63 390.79 463.3 358.61 526.13 506.46 526.38 529.2 495.49 526.77 504.21 507.83 522.91 532.59 517.53 500.18 494.32 483.33 489.49 486.93 489.33 452.27 442 455.97
546.96 543.77 533.02 532.37 546.46 540.95 494.46 537.06 542.98 557.13 559.52 563.28 564.9 548.68 548.02 539.15 535.98 484.83 520.76 516.47 516.65 512.15 442.2 516.88 403.4 499.65 397.6 486.83 436.22 407.9 388.58 511.24 520.8 518.02 509.42 538.95 496.91 509.48 510.87 506.41 491.59 485.02 501.47 509.34 485.21 488.26 428.17 450.74 456.93 357.76 354.93 527.57 354.96 511.43 486.78 485.94 520.52 510.43 508.81 512.87 521.13 515.11 519.55 513.19 500.77 496.42 484.05 466.9 439.78 493.96 496.87 461.55 465.3
540.29 551.64 473.56 467.72 525.8 518.34 529.46 531.54 569.34 542.49 553.57 562.92 563.12 558.98 549.95 541.01 541.56 529.61 527.52 507.84 487.82 473.37 503.01 497.91 479.84 499.81 497.83 502.38 479.09 495.22 379.04 485.92 526.25 519.38 512.82 530.38 525.58 509.56 512.06 513.43 510.64 490.52 496.94 480.16 478.01 485.35 474.68 472.4 476.28 465.37 437.59 441.37 415.5 501.09 483.04 511.11 526.56 508.98 515.44 450.64 506.73 522.93 524.53 530.05 500.17 481.12 475.36 489.01 459.98 454.58 479.64 432.98 464.44
476.58 494.45 526.42 528.49 536.85 534.81 530.48 541.43 539.82 556.03 577.44 574.19 556.19 557.84 551.86 538.43 528.44 521.12 524.47 508.5 518.27 527.19 517.78 534.22 526.02 509.64 503.6 522.65 511.3 497.01 478.96 470.17 515.94 510.27 539.33 533.36 519.1 510.92 518.86 515.03 510.78 525.47 516.75 498.94 510.9 478.09 458.84 470.51 492.75 490.2 443.89 431.55 366.51 351.8 359.5 380.3 505.36 511.37 482.13 465.06 515.89 472.3 496.51 516.17 499.39 473.89 475.1 479.58 427.28 419.01 439.87 426.48 444.9
546.73 548.86 547.18 522.54 548.74 547.5 528.7 528.32 526.42 550.14 550.64 557.45 583.84 564.03 544.7 539.59 536.23 538.2 521.59 524.09 530.84 522.5 531.16 540.83 513.15 493.67 503.82 522.61 516.58 463.32 513.21 412.37 510.18 509.76 520.38 535.63 523.52 519.79 532.61 520.26 530.8 507.04 514.58 505.31 480.56 449.77 462.77 490.8 477.91 483.84 439.98 452.1 407.22 456.22 493.96 480.59 430.15 471.15 454.52 492.71 519.77 463.16 445.85 423.94 478.15 470.9 432.9 444.59 447.74 403.47 423.5 401.48 406.69
514.46 555.58 557.07 551.16 540.08 526.25 553.59 535.53 532.85 535.45 538.98 536.81 530.92 539.37 534.68 545.31 543.24 530.58 528.35 516.29 533.1 527.73 512.1 527.32 517.57 508.98 496.55 483.15 374.46 374.02 377.85 481.78 524.43 534.99 523.31 519.67 524.61 528.07 537.01 522.71 526.4 532.79 535.74 528.41 526.47 482.8 486.9 470.01 451.53 466.85 471.71 430.18 390.53 442.65 441.21 474.7 449.88 363.06 350.02 348.43 492.12 411.09 468.69 440.28 480.75 467.54 415.81 465.89 432.49 438.04 374.81 423.65 382.92
514.07 518.6 511.49 545.18 524.85 541.43 559.34 554.65 551.68 548.93 538.21 544.34 536.59 532.71 533.12 537.13 537.28 543.47 523.89 532.53 514.91 526.41 519.65 510.99 399.11 378.59 473.62 468.94 374.98 471.47 492.06 416.76 445.74 494.49 476.21 493.36 521.39 497.49 501.56 516.86 488.04 497.33 501.27 509.46 482.03 510.35 458.36 440.66 423.34 431.07 462.98 439.96 402.72 427.25 473.97 444.52 448.69 472.62 409.51 450.39 348.72 358.49 402.17 438.39 381.72 473.25 439.46 434.06 475.63 441.03 365.51 411.65 404.07
418.64 533.28 520.17 508.72 524.27 532.37 563.33 563.33 545.04 542.5 536.93 535.58 538.15 535.15 540.44 529.7 537.21 531.13 543.53 516.8 503.12 501.07 508.08 508.85 380.42 455.06 377.55 401.01 457.61 375.85 512.1 412.74 479.46 530.74 523.56 480.64 499.97 487.72 469.73 449.44 520.29 516.95 456.65 497.89 498.57 440.13 494.22 464.64 474.05 466.36 446.24 427.03 388.32 414.02 432.36 449.04 456.01 460.48 451.9 406.14 462.99 464.09 419.56 435.9 461.72 387.66 342.32 343.75 344.83 353.27 384.08 365.03 351.2
453.15 527.41 513.59 529.5 555.69 569.93 557.43 554.88 551.94 553.08 541.26 542.76 549.23 536.8 533.06 536.06 522.22 507.32 487.95 466.41 448.25 453.74 517.27 506.23 379.59 492.22 504.51 382 375.35 460.08 467.05 464.03 479.91 491.06 514.56 517.72 492.46 468.67 477.95 499.88 470.96 443.76 443.96 445.84 426.09 405.35 476.46 457.12 475.29 494.41 425.18 396.68 406.91 427.86 408.98 421.93 437.56 455.39 460.24 424.35 473.67 492.98 427.19 446.38 391.58 422.7 351.76 338.97 342.67 344.19 341.97 338.52 340.35
505.7 504.15 536.9 559.65 559.96 549.77 547.24 551.64 553.29 544.48 537.04 540.46 547.69 543.09 534.57 536.6 540.85 536.66 526.82 514.34 477.33 471.9 457.62 429.82 379.89 522.05 508.18 463.85 434.16 466.46 471.76 466.36 480.09 483.99 491.57 504.98 497.01 474.9 464.38 446.74 488.72 504.95 470.31 484.21 479.59 445.81 413.84 425.57 422.61 418.86 426.4 414.56 449.69 421.24 424.38 448.44 434.66 448.87 439.25 388.17 443.14 444.52 398.43 341.34 452.14 433.91 460.51 427.46 373.88 354.58 346.99 413.46 375.13
477.43 426.57 518.83 523.97 546.95 525.67 529.88 546.16 524.02 538.29 553.75 551.9 538.83 492.46 538.66 534.46 517.16 545.2 532.74 522.66 493.44 473.28 467.41 381.29 461.8 495.56 514.29 480.58 451.34 451.67 471.06 479.06 465.81 497.38 523.33 496.3 485.11 507.06 454.69 460.41 499.31 537.34 485.35 447.01 449.26 440.98 420.52 424.47 432.21 437.31 424.04 448.56 432.73 450.98 438.07 429.95 429.58 409.24 410.12 392.63 357.24 411.06 342.54 384.79 432.09 350.85 364.52 348.03 378.63 383.16 348 422.68 444.55
530.47 402.84 480.67 493.15 499.66 480.48 517.41 508.43 520.3 496.07 463.66 484.04 542.34 512.04 415.7 387.91 481.32 510.08 511.59 490.45 506.39 425.27 386.4 449.08 480.48 486.25 502.09 450.88 444.67 417.91 473.49 474.03 496.68 496.94 517.78 484.7 476.09 489.35 450.01 454.58 485.47 481.17 453.6 463.56 452.85 427.52 438.14 423.24 433.34 423.77 436.85 426.45 457.2 418.88 432.81 410.9 409.34 397.49 379.36 356.07 368 358.24 386.97 404.38 415.3 364.47 392.61 410.35 407.14 383.32 438.35 350.49 450.65
567.74 451.17 449.45 398.87 482.54 481.29 485.53 519.21 530.75 416.15 471.06 462.4 391.95 499.24 392.91 466.28 387.11 469.7 486.18 431.51 397.44 387.39 448.67 461.19 440.8 476.66 488.67 465.39 452.07 438.13 426.1 446.5 473.78 476.67 506.38 487.09 490.8 483.36 482.85 489.14 472.46 458.06 476.82 520.5 445.13 413.6 407.88 415.67 403.12 453.71 416.02 419.59 446.71 411.61 417.83 425.79 416.61 382.28 385.36 350.76 398 379.49 435.71 415.84 436.27 406.94 389.75 399.53 388.3 396.03 373.52 378.1 356.44
576.26 545.67 540.39 470.51 423.32 448.1 395.72 411.61 509.66 415.05 526.03 522.09 466.31 389.35 388.84 506.38 438.22 386.75 384.55 384.19 475.52 450.55 411.76 457.08 471.96 450.84 458.87 433.04 454 447.31 470.5 473.41 463.51 487.28 508.57 491.91 484.5 469.3 471.96 484.63 482.11 471.25 483.86 487.05 472.06 433.02 436.45 424.72 419.77 428.12 418.17 396.53 429.85 399.58 418.92 417.93 414.36 398.04 378.57 345.17 396.83 383.4 422.42 401.32 426.2 401.68 379.37 408.83 411.02 415.67 401.62 382.08 368.84
544.97 565.62 489.66 401.7 398.72 463.3 490.91 399.48 394.56 401.89 507.13 504.81 535.5 504.56 471.34 508.34 509.51 497.67 432.9 501.22 463.73 425.84 394.19 435.46 413.98 445.75 465.43 435.12 440.72 457.6 439.88 479.19 474.88 477.82 466.57 490.1 484.52 477.81 453.56 459.1 463.66 444.29 458.77 438.38 456.75 457.91 427.67 430.45 417.45 398.39 405.25 385.82 387.63 394.29 393.94 403.46 402.28 390.11 347.04 363.82 399.99 380.34 380.99 398.35 439.53 414.2 360.57 380.74 381.7 413.87 421.38 391.9 381.19
434.88 482.38 466.16 483.11 489.59 533.13 499.01 434.55 468.94 467.91 442.63 519.39 509.99 486.55 454.76 443.4 496.67 462.82 466.38 455.49 449.12 441.43 440.19 414.47 442.36 442.08 445 444.01 479.93 493.74 467.81 465.39 447.69 459.78 456.03 472.12 474.05 448.05 447.51 438.02 440.87 422.7 443.18 422.23 411.83 403.3 404 401.42 397.47 397.15 411.94 390.19 393.73 406.23 413.67 396.6 387.56 362.5 346.32 369.93 361.78 364.69 373.75 411.67 413.6 386.74 372.46 364.37 394.19 401.12 386.82 415.47 394.3
554.83 533.85 497.52 530.24 556.1 547.39 523.46 460.68 411.82 527.65 525.32 526.77 479.96 465.96 476.27 461.88 444.18 458.79 465.89 446.6 456.6 456.21 429.42 468.99 469.2 458.78 448.88 465.02 490.8 498.81 470.98 448.43 457.71 455.94 461.56 452.01 456.11 436.77 451.76 427.66 407.86 421.69 408.71 427.33 411.88 404.37 397.68 399.68 400.22 398.59 400.93 397.02 384.61 387.54 393.13 410.22 366.94 381.83 347.5 361.2 360.23 362.73 369.81 414.77 392.5 391.92 384.18 363.53 363.55 369.8 374.82 398.58 390.36
543.42 524.81 558.95 525.49 480.16 485.47 407.24 413.32 500.09 525.31 546.87 543.93 488.73 463.43 469.7 474.32 453.99 440.67 437.52 445.56 497.12 455.2 428.2 415.66 425.45 434.75 434.09 436.24 426.04 434.71 448.01 438.99 436.76 448.9 446.8 454.38 444.62 458.81 447.24 422.31 407.63 428.65 400.57 413 391.88 410.78 394.25 382.54 421.68 408.2 397.3 389.4 385.5 383.72 392.79 367.07 402.95 348.04 348.97 356.26 353.87 358.21 370.72 366.03 385.18 386.46 367.84 373.43 372.78 368.67 381.17 391.35 406.76
558.25 570.17 507.91 494.24 537.78 534.36 407.68 479.61 490.65 502.58 525.11 521.17 505.98 457.49 494.47 476.71 465.04 446.44 451.77 434.77 427.18 440.99 452.77 444.8 425.17 419.43 416.11 413.02 409.32 414.54 409.28 402.47 410.28 413.82 424.04 446.5 437.01 419.68 407.17 401.16 400.06 415.41 396.88 399.34 388.8 383.39 390.14 388.95 371.03 369.27 376.34 388.72 367.63 364.42 354.9 375.4 360.36 350.13 347.17 350.15 353.55 357.06 358.36 362.35 370.7 371.89 367.87 368.15 375.19 380.87 374.25 377.9 398.77
523.44 487.41 504.64 445.7 474.56 415.56 461.22 400.19 396.66 431.61 441.73 504.44 505.03 485.04 466.84 477.57 469.7 460.19 442.74 430.73 435.24 424.9 414.17 429.32 414.23 409.84 399.57 397.99 402.59 397.06 397.4 395.53 402.18 391.25 417.17 414.65 406.58 403.94 381.61 383.4 398.64 401.54 386.76 416.17 396.08 414.17 418.85 411.9 404.7 404.46 391.06 385.79 355.21 353.97 352.17 349.84 348.69 348.52 349.55 348.04 355.97 358.12 361.32 362.6 363.18 366.35 369.75 378.61 374.61 382.13 383.59 392.94 400.32
503.82 479.41 485.27 499.52 449.2 468.07 507.43 489.95 397.88 473.12 480.63 498.21 499.04 509.38 463.07 460.92 464.59 474.98 420.95 415.27 409.69 431.17 410.52 426.49 406.35 398.41 403.76 393.5 388.61 391.79 388.4 383.59 382.48 381.9 392.65 391.8 398.66 384.88 379.57 384.08 403.42 375.96 387.1 415.08 407.5 406.06 403.8 422.89 391.02 383.01 387.35 376.16 351.29 348.96 349.61 349.79 348.8 348.59 348.58 352.61 354.29 365.94 392.19 391.46 386.31 366.82 371.63 377.76 377.47 391.31 405.1 407.67 425.26
530.7 514.99 559.34 549.51 536.18 530.58 519.87 509.17 492.67 410.48 408.73 406.85 426.76 466.34 472.58 452.75 408.9 430.06 438 421.67 414.7 405.67 402.17 391 398.96 386.8 392.84 383.15 386.42 382.93 380.45 380.52 376.87 378.75 377.12 375.51 385.02 374.08 372.86 378.6 381.38 377.01 386.9 403 392.99 388.19 393.16 411.97 413.53 401.02 375.25 353.15 349.81 350.53 348.89 350.55 349.75 350.51 354.47 355.63 357.34 366.88 390.81 382.94 373.56 374.61 379.82 394.61 391.21 396.76 395.01 435.07 447.04
522.86 497.75 518.87 502.02 498.6 523.77 519.52 530.95 517.24 455.43 416.35 393.21 451 420.78 430.95 393.77 432.74 386.49 385.91 385.31 383.87 382.23 382.25 382.7 381 393.06 380.14 379.11 379.24 376.55 377.62 377.71 384.89 374.62 370.72 370.47 371.83 371.03 370.55 372.67 375.02 382.22 381.74 396.9 392.89 395.81 390.8 389.29 403.92 379.06 378.79 360.66 351.69 351.61 351.05 351.28 351.08 354.73 356.36 357.62 362.56 373.19 421.6 395.53 380.76 370.65 382.62 395.39 433.55 403.49 432.35 441.89 458.66
499.08 507.52 498.7 491.24 504.38 484.7 492.67 428.33 397.55 399.1 436.3 460.91 443.86 413.2 407.51 412.27 443.85 400.18 395.39 388.8 385.81 390.75 381.98 378.68 379.53 377.97 378.52 379.81 379.46 377.97 377.27 376.14 373.46 373.09 372.32 369.1 369.89 371.26 370.3 370.59 368.62 382.19 380.62 382.11 377.45 370.73 360.68 371.62 380.97 358.94 353.54 352.78 352.32 351.95 351.71 353.44 354.52 355.9 358.03 362.28 373.05 383.84 399.63 400.67 375.44 385.55 410.28 420.46 426.82 443.02 443.84 435.99 439.81
469.4 486.16 476.8 503.88 485.44 486.86 488.22 401.86 418.96 532.18 468.74 461.14 449.98 430.83 472.65 445.84 428.62 413.17 410.66 396.12 404.14 409.91 407.92 394.93 380.95 391.84 379.98 378.87 377.27 378.21 377.96 374.78 374.39 372.9 373.54 371.74 372.01 371.41 365.25 365.11 368.19 379.82 370.05 375.67 357.86 357.82 356.83 355.3 355.42 354.35 353.13 353.25 352.57 352.57 354.64 356.32 357.91 358.11 368.39 379.87 395.68 409.03 411.74 386.83 375.16 406.29 415.02 399.39 401.9 423.19 424.08 441.92 453.98
451.6 428.74 408.15 440.81 471.32 487.14 398.14 414.71 482.03 544.05 542.97 478.2 455.99 454.5 437.46 430.21 450.13 429.42 411.28 431.25 413.75 406.48 398.67 385.18 385.96 373.88 372.8 375.25 375.34 375.92 376.49 376.79 374.99 373.49 367.78 364.06 364.59 363.63 360.85 361.59 362.85 360.07 359.06 361.45 357.11 357.48 356.29 354.97 355.07 354.79 354.69 354.47 352.72 357.42 357.29 357.26 364.72 374.31 404.15 399.04 423.7 401.93 392.99 389.39 377.88 388.42 418 423.48 445.28 413.27 409.39 453.76 455.95
507.02 500.7 489.58 462.59 398.15 423.83 394.97 431.27 495.54 493.83 488.97 471.81 462.97 457.27 466.55 450.7 456.6 424.21 396.02 399.77 386.43 391.19 375.69 371.22 374.85 374.08 372.36 372.16 376.72 374.08 370.43 366.75 367.8 366.01 368.22 365.47 363.47 361.52 362.1 363.47 362.78 359.82 359.37 358.01 358.38 357.69 355.77 356.03 355.21 356.11 354.28 357.22 358.63 360.45 360.57 364.1 374.67 388.51 415.49 442.33 426.91 423.24 400.91 385.63 391.68 416.71 398.31 416.34 444.41 421.5 452.86 428.67 447.97
464.2 466.3 439.65 451.21 430.2 394.4 392.28 401.12 454.35 445.44 477.72 461.14 469.46 457.28 417.6 419.33 414.89 406.86 399.65 375.08 374.44 376.97 376.93 375.14 374.56 374.11 373.06 372.05 371.99 371.58 368.67 368 369.5 367.08 366.93 365.17 363.75 363.58 362.99 360.59 360.08 360.08 359.5 359.88 358.65 358.26 357.43 359.96 359.64 359.12 362.63 378.12 372.44 383.52 383.46 378.85 378.71 390.78 409.75 441.1 417.61 416.94 389.85 386 416.21 437.7 420.68 412.59 434.48 427.35 445.29 475.67 453.29
391.59 419.76 390.79 391.39 414.2 389.7 387.31 385.18 428.66 428.38 392.69 445.51 438.97 435.99 381.84 381.2 379 377.06 377.89 379.11 377.28 376.77 372.46 373.8 371.57 369.96 373.02 369.37 370.84 369.82 369.4 368.48 368.19 368.09 365.02 365.36 364.21 363.32 361.69 361.82 361.25 361 360.64 359.94 359.58 358.75 359.89 361.43 361.8 363.22 367.69 374.59 387.01 385.21 383.56 392.39 406.24 412.8 430.12 440.75 439.43 434.7 390.8 409.26 436.62 432.59 424.05 428.81 413.17 423.93 438.06 460.78 467.5
389.94 388.75 391.67 392.54 388.33 386.67 385.47 386.07 395.67 384.08 382.81 383.9 384.44 383.04 388.3 395.15 381 380.6 376.64 378.15 377.65 376.43 375.73 374.47 373.74 373.81 371.88 372 370.62 369.68 367.71 368.96 368.71 367.69 366.15 364.9 364.21 363.72 362.4 362.47 362 362.83 360.67 361.25 361.39 360.74 362.02 362.05 364.27 365.48 376.64 379.52 390.08 387.42 403.19 401.8 423.58 442.76 426.66 428.91 416.01 426.49 389.34 416.79 446.92 450.81 423.47 438.66 452.99 433.47 443.9 479.54 476.36
392.56 390.67 388.51 387.24 387.62 386.33 386.38 399.24 439 447.74 455.38 397.08 411.72 449.39 411.25 391.01 381.7 381.23 378.97 378.43 378.23 377.62 376.32 375.5 374.93 374.28 373.24 372.05 370.26 370.43 369.31 368.09 367.58 365.93 365.99 365.55 364.64 365.61 365.82 363.22 363.63 362.73 362.93 361.41 361.77 362.29 363.46 364.74 366.51 369.97 387.72 380.35 386.63 385.78 388.11 420.75 420.5 431.04 421.66 415.93 432.12 410.38 402.54 442.62 429.99 467.07 446.68 468.45 436.22 450.65 463.44 465.59 460.67
392.88 389.51 390.15 389.9 386.55 387.44 387.21 397.08 399.64 410.99 445.51 428.88 405.67 436.11 393.39 387.5 382.78 381.27 380.07 379.96 378.18 377.17 376.21 375.43 376.14 374.15 373.69 372.87 372.1 370.93 371.36 369.54 368.74 366.04 366.27 366.44 366.8 366.58 366.02 365.27 365.23 364.61 363.91 363.61 362.27 362.66 364.31 366.19 367.32 376.74 390.18 387.09 397.09 408.94 417.36 413.71 445.38 460.09 438.46 459.7 449.92 404.64 410.74 408.89 430.71 422.69 448.35 463.58 471.18 463.55 465.86 451.94 440.93
